2.22681 2.70961 7.61122
4.00685 3.18002 45.2811
1.04802 2.44405 86.2451
0.99257 1.91923 126.48
1.01009 1.89396 166.56
1.01159 1.87039 206.566
2.67812 41.106 8.3894
1.73675 42.3317 46.8844
4.91076 43.932 83.8289
2.01161 42.8921 126.089
1.48669 42.1169 166.552
1.08156 42.0467 206.484
1.11057 82.0839 7.21503
1.84567 79.618 48.7136
8.36729 75.1393 86.2195
4.20862 82.9118 125.986
3.12846 83.611 165.584
1.5095 82.4451 206.69
40.4065 4.07565 9.72443
37.0849 3.5721 45.4135
43.361 9.85553 83.5341
41.0521 2.0126 126.533
41.0177 2.19329 166.538
41.0207 1.99576 206.576
40.4856 41.7686 6.70511
42.21 38.8926 47.1564
45.1937 50.0226 89.0266
48.6224 50.7759 122.624
43.2483 47.2368 169.727
40.8501 43.7314 205.06
42.1235 83.2404 10.1744
41.2688 80.2916 48.129
38.7561 82.9502 86.8067
37.6058 83.596 127.529
40.0489 78.8533 167.125
41.0565 87.9125 211.936
79.4986 4.80286 10.1305
80.1067 5.6802 46.5793
78.4438 7.09991 84.1805
81.0078 2.10871 126.547
80.9712 2.09313 166.597
80.9993 1.95129 206.56
77.3187 40.6663 8.21415
84.3309 41.6651 47.1386
71.8088 47.8439 87.1366
78.2883 43.1054 125.702
77.7343 45.8101 168.099
80.821 42.3153 206.325
80.8074 81.7802 8.30947
85.7556 81.3019 47.7751
78.8937 81.6377 87.026
86.3604 78.1624 122.954
76.3609 80.4348 164.703
82.183 83.3115 209.823
