1.28876 -1.16711 -1.04877
4.31993 -0.945877 -4.09204
-1.22486 0.282822 0.428593
0.376738 1.15963 -0.0126769
-0.304738 0.245216 0.149563
-0.173892 0.345706 -0.1158
0.580918 -0.615022 -4.72526
1.13088 1.69645 0.901265
-0.394674 -2.95727 6.55264
2.53291 -1.60534 -2.90212
0.0217898 -1.66795 1.24437
0.76478 -0.914228 -0.542736
-0.329124 0.572615 -0.990868
1.4352 3.99122 3.47867
3.68875 -9.66679 1.3205
-2.82857 -0.513281 -3.3684
-4.40313 2.21667 1.76644
0.101026 0.48808 0.188503
5.94369 0.731376 0.570421
4.34727 -0.457558 -6.30713
-11.0564 -3.78855 -0.676415
0.463457 0.635807 -1.12815
-1.63705 0.145541 0.772638
-0.917954 0.810278 -0.177671
-0.17573 -1.50223 -0.0112317
-6.6128 -2.30248 -2.82044
8.56556 1.52323 -0.363763
13.3275 6.32164 2.16474
8.43802 -0.818844 -2.39699
3.26472 -3.12056 -0.304279
-5.45834 2.61104 -2.94341
2.09548 0.905009 3.32765
-6.79241 -0.884361 1.32932
-6.13448 -2.86102 5.77351
-1.70295 -6.31772 1.58459
-6.96326 2.7015 8.97353
5.25808 2.30016 1.60008
7.6283 -1.61306 7.89116
-7.00336 -3.01351 5.63597
1.33403 -0.0576839 -1.72118
-0.782781 0.0178792 1.06871
-0.495717 0.269801 0.505727
1.4904 0.715647 6.0617
-0.336805 -5.18428 1.43638
1.25437 10.9495 -6.21753
-4.9687 -2.39616 5.90675
4.39672 2.64109 -6.5453
0.387767 0.333478 -1.4897
-3.95413 1.03389 -4.14783
3.50361 -3.5642 -6.64114
-0.203065 1.19093 -1.6428
-6.95607 -4.26261 9.6033
3.71371 7.44966 -9.94575
-4.62214 -2.84631 -0.610044
